SAT-62861
1 62861U 25022H   26025.17714742  .00058292  00000-0  19663-2 0  9995
2 62861  53.1613 332.0459 0001297  88.0423 272.0726 15.30176394 55234
SAT-52540
1 52540U 22051H   26025.10204503 -.00000186  00000-0  64113-5 0  9992
2 52540  53.2177 324.8349 0001293  74.1650 285.9485 15.08846314204865
SAT-53017
1 53017U 22076AH  26024.69955063  .00009219  00000-0  59671-3 0  9992
2 53017  53.2183 281.6030 0001243 107.1035 253.0093 15.08829255196358
SAT-62872
1 62872U 25022U   26025.04544017  .00051270  00000-0  17297-2 0  9999
2 62872  53.1618 332.6494 0001487  75.3448 284.7718 15.30230085 55210
SAT-52111
1 52111U 22029Z   26024.69816219  .00003226  00000-0  22059-3 0  9995
2 52111  53.2171 276.6075 0000802 273.3187  86.7714 15.08854266214145
SAT-49756
1 49756U 21115AJ  26025.16737193  .00000566  00000-0  53646-4 0  9998
2 49756  53.2205 334.5003 0001618  90.1170 270.0008 15.08838194229100
SAT-48758
1 48758U 02032CT  26024.78945882  .00015731  00000-0  36549-2 0  9990
2 48758  98.7365   9.2087 0006103 319.9759  40.0986 14.55007461252369
SAT-60345
1 60345U 24136S   26025.29957395  .00011428  00000-0  39745-3 0  9995
2 60345  53.1584 277.0428 0001878  50.2646 309.8520 15.30194315 83025
SAT-64687
1 64687U 25139Z   26025.10903021  .00040066  00000-0  13568-2 0  9993
2 64687  53.1623 329.3275 0001882  83.3465 276.7750 15.30217337 33611
SAT-58999
1 58999U 24036B   26024.71124136 -.00000586  00000-0 -76417-5 0  9995
2 58999  53.1601 282.1436 0002090  81.4104 278.7133 15.30193619107785
SAT-60727
1 60727U 24152H   26025.12388012 -.00005074  00000-0 -37023-4 0  9993
2 60727  53.1582 330.9389 0001102  92.0030 268.1114 15.69724183 82123