SAT-64452
1 64452U 25130Q   26032.88401399  .00020071  00000-0  68784-3 0  9993
2 64452  53.1572 254.6671 0001238  84.4733 275.6409 15.30205932 35214
SAT-65836
1 65836U 25221P   26032.88293128  .00018920  00000-0  64921-3 0  9999
2 65836  53.1573 254.4900 0001200  84.7821 275.3317 15.30203780 19255
SAT-66127
1 66127U 25237P   26032.91668981  .00062525  00000-0  21077-2 0  9991
2 66127  53.1607 206.0681 0001342  63.3811 148.8507 15.30165724  5687
SAT-64182
1 64182U 25113N   26032.88463838  .00023185  00000-0  79251-3 0  9990
2 64182  53.1573 257.4087 0000811  94.6946 265.4147 15.30199122 39541
SAT-54775
1 54775U 22175T   26032.86913992  .00000538  00000-0  51931-4 0  9994
2 54775  53.2168 204.7618 0001332  90.7477 269.3668 15.08816595174512
SAT-64203
1 64203U 25117A   26032.87709242  .00024849  00000-0  84806-3 0  9999
2 64203  53.1581 205.8812 0001174  76.0240 284.0891 15.30208692 39075
SAT-61065
1 61065U 24164R   26032.88255823  .00003208  00000-0  12044-3 0  9996
2 61065  53.1581 257.5608 0001376  87.4405 272.6753 15.30191419 77999
SAT-66124
1 66124U 25237L   26032.87986457  .00042800  00000-0  10743-2 0  9996
2 66124  53.1578 206.2592 0001026  92.2169 267.8953 15.39610378 17128
SAT-61670
1 61670U 24193K   26032.88147231 -.00000429  00000-0 -23735-5 0  9998
2 61670  53.1573 257.3746 0001302  93.6389 266.4761 15.30195324 71041
SAT-64458
1 64458U 25130W   26032.88084669  .00021044  00000-0  72050-3 0  9998
2 64458  53.1573 254.6425 0001196  90.6474 269.4664 15.30205930 35225