SAT-51857
1 51857U 22022F   26032.66816605  .00001604  00000-0  11883-3 0  9990
2 51857  53.2172 180.8359 0001316  93.2480 266.8662 15.08841480217587
SAT-59961
1 59961U 24107S   26032.94568834  .00001427  00000-0  60328-4 0  9991
2 59961  53.1590 231.5743 0001420  89.5468 270.5695 15.30193326 94265
SAT-65222
1 65222U 25176AA  26032.94272456  .00038941  00000-0  13189-2 0  9999
2 65222  53.1595 319.0336 0001081 100.1340 259.9783 15.30227056 27644
SAT-65886
1 65886U 25224E   26032.80581594  .00031026  00000-0  10551-2 0  9997
2 65886  53.1594 177.7932 0001184  79.5588 280.5546 15.30205033 19286
SAT-58779
1 58779U 24011Q   26032.80643979  .00000883  00000-0  41944-4 0  9998
2 58779  53.1604 180.5366 0001138  86.6062 273.5069 15.30195115114770
SAT-59963
1 59963U 24107U   26032.94252355  .00001805  00000-0  73056-4 0  9993
2 59963  53.1578 231.5540 0001275  86.0336 274.0811 15.30197046 94321
SAT-52453
1 52453U 22049C   26032.93494324  .00001467  00000-0  11025-3 0  9997
2 52453  53.2160 229.6329 0001358  90.6168 269.4980 15.08840365206712
SAT-58531
1 58531U 23192A   26032.81019731  .00001517  00000-0  63370-4 0  9999
2 58531  53.1590 229.2851 0001864  88.4386 271.6828 15.30192791120490
SAT-53536
1 53536U 22101K   26032.80106617  .00001303  00000-0  99970-4 0  9995
2 53536  53.2163 225.1535 0001412  89.1187 270.9967 15.08836564190881
SAT-52871
1 52871U 22062AT  26032.66214595  .00002143  00000-0  15270-3 0  9994
2 52871  53.2169 175.8542 0001275  75.5260 284.5873 15.08838482200627
SAT-47373
1 47373U 21005AA  26032.93152248  .00000033  00000-0  21128-4 0  9993
2 47373  53.0555 222.1420 0001445  95.4325 264.6828 15.06398805277652
SAT-66154
1 66154U 25240J   26032.80918354  .00014876  00000-0  51336-3 0  9993
2 66154  53.1579 229.5702 0001461 104.7888 255.3275 15.30201025 16543
SAT-65607
1 65607U 25207R   26032.78811353  .00003067  00000-0  21666-3 0  9999
2 65607  97.6056 103.3423 0001308  95.4695 264.6681 15.05654733 22865
SAT-58781
1 58781U 24011S   26032.67264640  .00000207  00000-0  19120-4 0  9991
2 58781  53.1601 181.1242 0001216  73.4404 286.6730 15.30194983114751
SAT-59958
1 59958U 24107P   26032.93935921  .00001475  00000-0  61918-4 0  9990
2 59958  53.1584 231.5367 0001252  94.8352 265.2792 15.30190538 93125
SAT-65899
1 65899U 25224T   26032.80264919  .00031725  00000-0  10786-2 0  9996
2 65899  53.1599 177.7611 0001221  63.8617 296.2509 15.30203496 19374
SAT-67217
1 67217U 25304AB  26032.94588778  .00041897  00000-0  95345-3 0  9994
2 67217  69.9994 266.0427 0003571 258.2880 101.7901 15.42757009  8497